-3093
-1383
3467
-905
7100
876
-3494
1525
-9300
2033
6795
6564
7082
4105
4251
2351
-8154
-5468
-3152
-3846
-1357
237
4185
6594
9666
8594
3262
1670
-3492
7375
-458
5887
-9550
8726
3337
8708
7240
5696
-6996
3239
8437
-2426
-8285
1186
-1056
-7738
2471
-1481
-7953
7325
6357
-8849
-9089
5135
1997
-6503
-7502
5740
8159
2464
-6676
741
1369
7994
-1355
-542
-4508
2002
2573
-9363
2005
8255
3169
-2146
1344
2631
-45
9146
1282
-8366
-4993
-2358
467
-285
6854
3370
-3699
-3921
-6085
2907
-9660
-5319
3966
3053
-47
-3733
9653
-5602
-4879
-9241
9585
-9183
4038
1909
9099
-8111
7045
8645
-4929
1106
-8951
-3752
3403
-7711
-6926
-5244
-6332
428
-9080
7420
3001
5273
-9005
-2733
-1126
-1384
8744
2545
-7731
9375
-8394
-8501
-8166
8907
7729
-4390
7413
5297
1652
2645
-9368
-7204
-6298
-9175
-5911
6956
7669
8162
8026
762
-3553
3082
-8755
-8977
2373
-6456
808
726
-4002
-8108
6412
6100
4015
-8256
6496
8565
5611
1769
-6300
552
2333
2017
-7974
1684
-3866
-3290
222
-3721
-1931
-681
9681
199
3341
-4303
-2399
621
7796
-9249
1781
-7367
5136
-2160
-8214
-5560
-1445
6744
5853
-5939
-55
2622
315
-455
4697
-6680
-1892
6561
9628
3312
-7717
9913
-5448
8664
2292
9539
-795
-2443
-5010
4372
-7397
2200
7371
3251
-6209
3096
-5492
-1966
4280
9812
2683
-7929
-6769
-9070
-1050
1076
-6506
8148
-5618
-3575
-3072
1627
-7977
-8877
7890
6508
3515
8954
-4680
3924
-3159
4558
1135
46
-641
3089
6441
-7264
-7697
-2830
6344
-9388
-9253
7313
-8931
-2825
19
7057
-5531
4903
2412
8589
5339
2241
-1333
1468
787
8448
-473
7395
-9649
-5741
4765
9423
-9143
1284
9458
-8710
-4491
1960
1964
-7088
2090
5840
7813
-1381
-3854
-4959
887
2944
-737
-5320
-8816
-6559
-8600
-6954
5783
3417
9286
-5415
-3111
485
-7769
-9777
-9964
-6807
6962
1118
-9203
5015
6008
8282
-6840
-5409
1203
6898
-3244
207
-3852
-1999
464
9571
-2129
6151
7939
-4414
8874
5529
6442
-3044
6820
-9841
6396
2866
8335
2762
3604
12
-5005
5563
-3181
-4526
9125
7982
8395
8295
2984
-2088
-4593
-8490
-9851
-54
6075
-9818
831
6337
9166
9713
-6978
-316
-1054
-5945
8197
8290
9799
-4797
-5925
8463
6760
4706
-1608
-274
1888
-126
-2398
4982
-1550
-1353
3842
-9846
-1501
-6541
1327
-8363
755
-4531
6915
7910
-2315
6301
-78
-8543
-3398
2083
-1778
-5651
5790
-2672
-1836
9009
-251
8760
9697
-7077
-9812
-4998
-593
-5641
-6458
-1712
8069
3973
8727
5650
-968
2875
-9525
978
-7022
5965
5188
-5211
9017
-1788
-1603
-2692
-696
-1115
2298
-2990
-6970
-6609
-5856
-8382
1336
7812
-2918
-8640
4714
-433
2103
-4823
6880
-3106
-7539
9707
6803
6549
8125
1381
-8062
6125
293
2575
8992
3865
-3358
-4086
-5852
-3561
-7557
-4666
8925
-3587
7633
5237
-5002
5642
4110
-1816
7159
5651
8102
2864
3817
-3537
-7739
7025
-1927
1005
-2259
-9890
-6678
2791
9360
-6500
9994
-5812
2025
-2417
-5766
6470
-5604
-6663
935
-1868
7219
-4931
-5893
4976
-4381
9597
5842
5735
-8109
744
9413
-6424
-4054
-1909
-2035
-4341
8099
1178
-9902
4260
2562
-3153
278
-6139
-9035
326
-2988
-6314
3289
6498
4039
-7819
7694
9989
3635
5292
-7774
972
9257
4921
2315
-1743
-2736
9870
1008
742
-7229
9968
9805
-6719
-366
3507
5427
-5844
-14
-1535
-4104
-9182
8799
5540
-4032
2106
2731
2681
-7218
-9011
2671
7616
-9239
-8043
-3977
-8716
-5142
-4568
-7256
-8339
7364
1990
-3224
4229
-5084
-2059
-4397
-7756
4988
-9707
-8303
1710
7355
-7366
-2055
-3576
7104
-3421
-319
-4457
-3640
-2365
-7801
-1794
-9135
7865
-9922
-1837
-8098
-5408
-1329
-4827
-3863
7946
-1978
4530
7033
778
1933
-8354
-9123
8022
6208
-2277
-2623
489
-1081
-2562
7443
5617
-8103
-5251
-6124
-7507
4900
2889
-3275
4203
2032
-5958
514
9624
-5681
4945
-6979
7428
-5831
-2706
-5932
-4475
-4592
2564
1296
7455
-2159
-4314
-4811
5760
6862
2609
2352
-4200
3676
-5019
948
7517
4946
592
-982
4598
-524
-456
714
9284
-7194
-9017
55
-7562
-7958
-8810
-6247
4548
-2609
-8870
-6145
6044
-4300
8926
2162
-8539
-703
9835
-4689
4639
3170
8248
9343
9714
1485
3721
-6647
2846
-2468
2913
8425
-2622
-3606
6604
2015
3304
-9715
-7670
-7246
5883
6420
3354
-3179
-6607
1568
-6765
-7548
6666
493
-1491
1848
-4051
-4928
-2164
7954
-1595
-6166
367
4686
9555
-1375
-1754
9802
-3315
-159
-7535
2410
7720
-3816
4387
9260
5031
6844
6166
-186
328
-597
-2018
4916
-5246
2847
9757
7788
4965
-3803
1815
-7619
-6644
6567
6617
5757
1242
1783
-3217
2971
3159
-6252
1432
3980
-9306
-6737
-3271
-1648
-6301
-5653
8990
-2532
-699
2431
3410
4207
730
6060
-9266
9506
-5294
-6516
-1864
3358
-1338
-9961
-9487
-1742
-995
-1569
3190
712
1207
9460
4135
-1586
-7945
5950
-4212
6674
-9223
-7658
-8401
-3860
7607
-4363
7276
2543
4539
-23
9119
-4360
451
2613
-9882
9720
-9046
-5396
-8896
8276
8502
-8227
93
3674
-2869
-3246
-8592
-1210
-8554
3087
-3682
-2395
6247
9350
-9920
9486
6124
6447
-5633
3472
-1034
-1847
-3431
-1104
5693
-9074
9262
3260
3510
1929
8966
4406
-8291
267
4012
9937
-6795
4608
-5815
-8725
6482
-5089
-2190
645
-4088
9830
1224
2603
-2361
5029
6814
-2187
-4726
6934
-4534
3229
-7615
3177
-502
-2078
8583
5049
2540
-903
-5444
-6421
-5350
220
1150
2840
8878
566
153
4253
-8927
-478
696
-5994
4702
5432
176
-6638
9271
-1937
-9682
-2874
9819
-34
-4378
-2727
-937
-9345
-9465
2582
-8981
7480
7254
740
4190
2975
5846
-5500
-5908
-7410
754
3340
707
5118
-8393
-6830
8031
8922
-404
-6797
3736
8762
3182
-8551
659
-6420
3928
7986
-9310
3958
4807
1460
-4280
-5106
178
3768
124
-4997
-7143
6873
8532
6055
-3829
562
5354
-607
-1255
-7993
768
5472
8841
-6359
-8809
3035
-4180
-6294
-4347
-9878
-7956
-4107
5638
-2176
-7152
2297
-417
3295
-4968
-9868
780
-5674
-2230
9640
9756
3673
-4072
9862
-1477