-9964
-9961
-9922
-9920
-9902
-9890
-9882
-9878
-9868
-9851
-9846
-9841
-9818
-9812
-9777
-9715
-9707
-9682
-9660
-9649
-9550
-9525
-9487
-9465
-9388
-9368
-9363
-9345
-9310
-9306
-9300
-9266
-9253
-9249
-9241
-9239
-9223
-9203
-9183
-9182
-9175
-9143
-9135
-9123
-9089
-9080
-9074
-9070
-9046
-9035
-9017
-9011
-9005
-8981
-8977
-8951
-8931
-8927
-8896
-8877
-8870
-8849
-8816
-8810
-8809
-8755
-8725
-8716
-8710
-8640
-8600
-8592
-8554
-8551
-8543
-8539
-8501
-8490
-8401
-8394
-8393
-8382
-8366
-8363
-8354
-8339
-8303
-8291
-8285
-8256
-8227
-8214
-8166
-8154
-8111
-8109
-8108
-8103
-8098
-8062
-8043
-7993
-7977
-7974
-7958
-7956
-7953
-7945
-7929
-7819
-7801
-7774
-7769
-7756
-7739
-7738
-7731
-7717
-7711
-7697
-7670
-7658
-7619
-7615
-7562
-7557
-7548
-7539
-7535
-7507
-7502
-7410
-7397
-7367
-7366
-7264
-7256
-7246
-7229
-7218
-7204
-7194
-7152
-7143
-7088
-7077
-7022
-6996
-6979
-6978
-6970
-6954
-6926
-6840
-6830
-6807
-6797
-6795
-6769
-6765
-6737
-6719
-6680
-6678
-6676
-6663
-6647
-6644
-6638
-6609
-6607
-6559
-6541
-6516
-6506
-6503
-6500
-6458
-6456
-6424
-6421
-6420
-6359
-6332
-6314
-6301
-6300
-6298
-6294
-6252
-6247
-6209
-6166
-6145
-6139
-6124
-6085
-5994
-5958
-5945
-5939
-5932
-5925
-5911
-5908
-5893
-5856
-5852
-5844
-5831
-5815
-5812
-5766
-5741
-5681
-5674
-5653
-5651
-5641
-5633
-5618
-5604
-5602
-5560
-5531
-5500
-5492
-5468
-5448
-5444
-5415
-5409
-5408
-5396
-5350
-5320
-5319
-5294
-5251
-5246
-5244
-5211
-5142
-5106
-5089
-5084
-5019
-5010
-5005
-5002
-4998
-4997
-4993
-4968
-4959
-4931
-4929
-4928
-4879
-4827
-4823
-4811
-4797
-4726
-4689
-4680
-4666
-4593
-4592
-4568
-4534
-4531
-4526
-4508
-4491
-4475
-4457
-4414
-4397
-4390
-4381
-4378
-4363
-4360
-4347
-4341
-4314
-4303
-4300
-4280
-4212
-4200
-4180
-4107
-4104
-4088
-4086
-4072
-4054
-4051
-4032
-4002
-3977
-3921
-3866
-3863
-3860
-3854
-3852
-3846
-3829
-3816
-3803
-3752
-3733
-3721
-3699
-3682
-3640
-3606
-3587
-3576
-3575
-3561
-3553
-3537
-3494
-3492
-3431
-3421
-3398
-3358
-3315
-3290
-3275
-3271
-3246
-3244
-3224
-3217
-3181
-3179
-3159
-3153
-3152
-3111
-3106
-3093
-3072
-3044
-2990
-2988
-2918
-2874
-2869
-2830
-2825
-2736
-2733
-2727
-2706
-2692
-2672
-2623
-2622
-2609
-2562
-2532
-2468
-2443
-2426
-2417
-2399
-2398
-2395
-2365
-2361
-2358
-2315
-2277
-2259
-2230
-2190
-2187
-2176
-2164
-2160
-2159
-2146
-2129
-2088
-2078
-2059
-2055
-2035
-2018
-1999
-1978
-1966
-1937
-1931
-1927
-1909
-1892
-1868
-1864
-1847
-1837
-1836
-1816
-1794
-1788
-1778
-1754
-1743
-1742
-1712
-1648
-1608
-1603
-1595
-1586
-1569
-1550
-1535
-1501
-1491
-1481
-1477
-1445
-1384
-1383
-1381
-1375
-1357
-1355
-1353
-1338
-1333
-1329
-1255
-1210
-1126
-1115
-1104
-1081
-1056
-1054
-1050
-1034
-995
-982
-968
-937
-905
-903
-795
-737
-703
-699
-696
-681
-641
-607
-597
-593
-542
-524
-502
-478
-473
-458
-456
-455
-433
-417
-404
-366
-319
-316
-285
-274
-251
-186
-159
-126
-78
-55
-54
-47
-45
-34
-23
-14
12
19
46
55
93
124
153
176
178
199
207
220
222
237
267
278
293
315
326
328
367
428
451
464
467
485
489
493
514
552
562
566
592
621
645
659
696
707
712
714
726
730
740
741
742
744
754
755
762
768
778
780
787
808
831
876
887
935
948
972
978
1005
1008
1076
1106
1118
1135
1150
1178
1186
1203
1207
1224
1242
1282
1284
1296
1327
1336
1344
1369
1381
1432
1460
1468
1485
1525
1568
1627
1652
1670
1684
1710
1769
1781
1783
1815
1848
1888
1909
1929
1933
1960
1964
1990
1997
2002
2005
2015
2017
2025
2032
2033
2083
2090
2103
2106
2162
2200
2241
2292
2297
2298
2315
2333
2351
2352
2373
2410
2412
2431
2464
2471
2540
2543
2545
2562
2564
2573
2575
2582
2603
2609
2613
2622
2631
2645
2671
2681
2683
2731
2762
2791
2840
2846
2847
2864
2866
2875
2889
2907
2913
2944
2971
2975
2984
3001
3035
3053
3082
3087
3089
3096
3159
3169
3170
3177
3182
3190
3229
3239
3251
3260
3262
3289
3295
3304
3312
3337
3340
3341
3354
3358
3370
3403
3410
3417
3467
3472
3507
3510
3515
3604
3635
3673
3674
3676
3721
3736
3768
3817
3842
3865
3924
3928
3958
3966
3973
3980
4012
4015
4038
4039
4105
4110
4135
4185
4190
4203
4207
4229
4251
4253
4260
4280
4372
4387
4406
4530
4539
4548
4558
4598
4608
4639
4686
4697
4702
4706
4714
4765
4807
4900
4903
4916
4921
4945
4946
4965
4976
4982
4988
5015
5029
5031
5049
5118
5135
5136
5188
5237
5273
5292
5297
5339
5354
5427
5432
5472
5529
5540
5563
5611
5617
5638
5642
5650
5651
5693
5696
5735
5740
5757
5760
5783
5790
5840
5842
5846
5853
5883
5887
5950
5965
6008
6044
6055
6060
6075
6100
6124
6125
6151
6166
6208
6247
6301
6337
6344
6357
6396
6412
6420
6441
6442
6447
6470
6482
6496
6498
6508
6549
6561
6564
6567
6594
6604
6617
6666
6674
6744
6760
6795
6803
6814
6820
6844
6854
6862
6873
6880
6898
6915
6934
6956
6962
7025
7033
7045
7057
7082
7100
7104
7159
7219
7240
7254
7276
7313
7325
7355
7364
7371
7375
7395
7413
7420
7428
7443
7455
7480
7517
7607
7616
7633
7669
7694
7720
7729
7788
7796
7812
7813
7865
7890
7910
7939
7946
7954
7982
7986
7994
8022
8026
8031
8069
8099
8102
8125
8148
8159
8162
8197
8248
8255
8276
8282
8290
8295
8335
8395
8425
8437
8448
8463
8502
8532
8565
8583
8589
8594
8645
8664
8708
8726
8727
8744
8760
8762
8799
8841
8874
8878
8907
8922
8925
8926
8954
8966
8990
8992
9009
9017
9099
9119
9125
9146
9166
9257
9260
9262
9271
9284
9286
9343
9350
9360
9375
9413
9423
9458
9460
9486
9506
9539
9555
9571
9585
9597
9624
9628
9640
9653
9666
9681
9697
9707
9713
9714
9720
9756
9757
9799
9802
9805
9812
9819
9830
9835
9862
9870
9913
9937
9968
9989
9994
